7200.0 8100.0 64 44
12600.0 13500.0 64 44
23400.0 24300.0 64 44
28800.0 29700.0 64 44
50400.0 51300.0 64 49
55800.0 56700.0 64 44
77400.0 78300.0 64 49
82800.0 83700.0 64 44
88987.5 89100.0 64 41
90900.0 91800.0 64 42
94387.5 94500.0 64 41
104400.0 105300.0 64 49
109800.0 110700.0 64 44
115987.5 116100.0 64 41
117900.0 118800.0 64 42
121387.5 121500.0 64 41
131400.0 132300.0 64 49
136800.0 137700.0 64 44
0.0 225.0 65 70
337.5 450.0 65 66
8100.000000000002 8212.500000000002 65 55
13500.000000000002 13612.500000000002 65 55
15187.500000000002 15300.000000000002 65 57
16200.000000000002 16425.0 65 70
16537.5 16650.0 65 66
24300.0 24412.5 65 55
29700.0 29812.5 65 55
31387.5 31500.0 65 57
43200.0 43425.0 65 70
43537.5 43650.0 65 66
51300.0 51412.5 65 55
56700.0 56812.5 65 55
58387.5 58500.0 65 57
70200.0 70425.0 65 70
70537.5 70650.0 65 66
78300.0 78412.5 65 55
83700.0 83812.5 65 55
85387.5 85500.0 65 57
97200.0 97425.0 65 70
97537.5 97650.0 65 66
105300.0 105412.5 65 55
110700.0 110812.5 65 55
112387.5 112500.0 65 57
124200.0 124425.0 65 70
124537.5 124650.0 65 66
132300.0 132412.5 65 55
137700.0 137812.5 65 55
139275.0 139500.0 65 68
42900.0 43050.0 66 62
69900.0 70050.0 66 62
450.0 900.0 67 70
15975.0 16200.0 67 61
16650.0 17100.0 67 70
42637.5 42750.0 67 62
43650.0 44100.0 67 70
69637.5 69750.0 67 62
70650.0 71100.0 67 70
96975.0 97200.0 67 53
97650.0 98100.0 67 70
123975.0 124200.0 67 53
124650.0 125100.0 67 70
900.0 1350.0 69 70
5850.0 6693.75 69 44
8437.5 8550.0 69 58
11250.0 12037.5 69 44
13837.5 13950.0 69 58
15750.0 15975.0 69 64
17100.0 17550.0 69 70
22050.0 22893.75 69 44
24637.5 24750.0 69 58
27450.0 28237.5 69 44
30037.5 30150.0 69 58
31950.0 32175.0 69 44
44100.0 44550.0 69 70
49050.0 49893.75 69 49
51637.5 51750.0 69 58
54450.0 55237.5 69 44
57037.5 57150.0 69 58
58950.0 59175.0 69 44
71100.0 71550.0 69 70
76050.0 76893.75 69 49
78637.5 78750.0 69 58
81450.0 82237.5 69 44
84037.5 84150.0 69 58
96300.0 96975.0 69 42
98100.0 98550.0 69 70
103050.0 103893.75 69 49
105637.5 105750.0 69 58
108450.0 109237.5 69 44
111037.5 111150.0 69 58
123300.0 123975.0 69 42
125100.0 125550.0 69 70
130050.0 130893.75 69 49
132637.5 132750.0 69 58
135450.0 136237.5 69 44
138037.5 138150.0 69 60
1350.0 1575.0 70 71
6693.75 6750.0 70 45
12037.5 12093.75 70 42
15300.0 15750.0 70 59
17550.0 17775.0 70 71
22893.75 22950.0 70 45
28237.5 28293.75 70 42
31500.0 31950.0 70 59
32175.0 32400.0 70 44
44550.0 44775.0 70 71
49893.75 49950.0 70 50
55237.5 55293.75 70 42
58500.0 58950.0 70 59
59175.0 59400.0 70 44
71550.0 71775.0 70 71
76893.75 76950.0 70 50
82237.5 82293.75 70 42
85500.0 85950.0 70 59
87750.0 87975.0 70 42
88650.0 88875.0 70 37
90450.0 90600.0 70 45
90750.0 90900.0 70 39
93150.0 93375.0 70 42
94050.0 94275.0 70 37
95850.0 96000.0 70 45
96150.0 96300.0 70 39
98550.0 98775.0 70 71
103893.75 103950.0 70 50
109237.5 109293.75 70 42
112500.0 112950.0 70 59
114750.0 114975.0 70 42
115650.0 115875.0 70 37
117450.0 117600.0 70 45
117750.0 117900.0 70 39
120150.0 120375.0 70 42
121050.0 121275.0 70 37
122850.0 123000.0 70 45
123150.0 123300.0 70 39
125550.0 125775.0 70 71
130893.75 130950.0 70 50
136237.5 136293.75 70 42
139500.0 140400.0 70 68
1687.5 1800.0 72 66
8550.0 8775.0 72 59
13950.0 14175.0 72 59
14625.0 14850.0 72 56
17887.5 18000.0 72 66
24750.0 24975.0 72 59
30150.0 30375.0 72 59
30825.0 31050.0 72 56
32400.0 32737.5 72 46
32850.0 33300.0 72 46
35100.0 35325.0 72 56
35550.0 36000.0 72 56
37800.0 38025.0 72 51
38250.0 38700.0 72 51
40500.0 40725.0 72 56
40950.0 41400.0 72 56
44887.5 45000.0 72 66
51750.0 51975.0 72 59
57150.0 57375.0 72 59
57825.0 58050.0 72 56
59400.0 59737.5 72 46
59850.0 60300.0 72 46
62100.0 62325.0 72 56
62550.0 63000.0 72 56
64800.0 65025.0 72 51
65250.0 65700.0 72 51
67500.0 67725.0 72 56
67950.0 68400.0 72 56
71887.5 72000.0 72 66
78750.0 78975.0 72 59
84150.0 84375.0 72 59
84825.0 85050.0 72 56
87525.0 87750.0 72 37
88200.0 88256.25 72 37
88312.5 88650.0 72 40
90225.0 90450.0 72 37
90600.0 90750.0 72 40
92925.0 93150.0 72 37
93600.0 93656.25 72 37
93712.5 93768.75 72 37
93825.0 93881.25 72 37
93937.5 93993.75 72 37
95737.5 95850.0 72 37
96000.0 96150.0 72 40
98887.5 99000.0 72 66
105750.0 105975.0 72 59
111150.0 111375.0 72 59
111937.5 112050.0 72 56
114525.0 114750.0 72 37
115200.0 115256.25 72 37
115312.5 115650.0 72 40
117225.0 117450.0 72 37
117600.0 117750.0 72 40
119925.0 120150.0 72 37
120600.0 120656.25 72 37
120712.5 120768.75 72 37
120825.0 120881.25 72 37
120937.5 120993.75 72 37
122737.5 122850.0 72 37
123000.0 123150.0 72 40
125887.5 126000.0 72 66
132750.0 132975.0 72 59
138150.0 138375.0 72 62
138937.5 139050.0 72 64
87300.0 87525.0 73 37
88087.5 88200.0 73 37
88256.25 88312.5 73 37
90000.0 90225.0 73 37
92700.0 92925.0 73 37
93487.5 93600.0 73 37
93656.25 93712.5 73 33
93768.75 93825.0 73 35
93881.25 93937.5 73 34
93993.75 94050.0 73 37
95400.0 95737.5 73 37
114300.0 114525.0 73 37
115087.5 115200.0 73 37
115256.25 115312.5 73 37
117000.0 117225.0 73 37
119700.0 119925.0 73 37
120487.5 120600.0 73 37
120656.25 120712.5 73 33
120768.75 120825.0 73 35
120881.25 120937.5 73 34
120993.75 121050.0 73 37
122400.0 122737.5 73 37
1800.0 2250.0 74 70
4500.0 5343.75 74 44
6750.0 6862.5 74 49
7087.5 7200.0 74 47
12093.75 12150.0 74 41
14400.0 14456.25 74 56
14512.5 14625.0 74 61
14850.0 14962.5 74 64
18000.0 18450.0 74 70
20700.0 21543.75 74 44
22950.0 23062.5 74 49
23287.5 23400.0 74 47
28293.75 28350.0 74 41
30600.0 30656.25 74 56
30712.5 30825.0 74 61
31050.0 31162.5 74 64
32737.5 32850.0 74 42
34875.0 35100.0 74 49
35325.0 35550.0 74 51
37575.0 37800.0 74 50
38025.0 38250.0 74 49
40275.0 40500.0 74 49
40725.0 40950.0 74 51
45000.0 45450.0 74 70
47700.0 48543.75 74 49
49950.0 50062.5 74 56
50287.5 50400.0 74 52
55293.75 55350.0 74 41
57600.0 57656.25 74 56
57712.5 57825.0 74 61
58050.0 58162.5 74 64
59737.5 59850.0 74 42
61875.0 62100.0 74 49
62325.0 62550.0 74 51
64575.0 64800.0 74 50
65025.0 65250.0 74 49
67275.0 67500.0 74 49
67725.0 67950.0 74 51
72000.0 72450.0 74 70
74700.0 75543.75 74 49
76950.0 77062.5 74 56
77287.5 77400.0 74 52
82293.75 82350.0 74 41
84600.0 84656.25 74 56
84712.5 84825.0 74 61
85050.0 85162.5 74 64
99000.0 99450.0 74 70
101700.0 102543.75 74 49
103950.0 104062.5 74 56
104287.5 104400.0 74 52
109293.75 109350.0 74 41
111600.0 111656.25 74 56
111712.5 111937.5 74 61
112050.0 112162.5 74 64
126000.0 126450.0 74 70
128700.0 129543.75 74 49
130950.0 131062.5 74 56
131287.5 131400.0 74 52
136293.75 136350.0 74 41
138600.0 138656.25 74 63
138712.5 138937.5 74 70
139050.0 139275.0 74 76
2250.0 2475.0 75 75
5343.75 5400.0 75 45
8775.0 9000.0 75 60
14175.0 14400.0 75 60
14456.25 14512.5 75 56
18450.0 18675.0 75 75
21543.75 21600.0 75 45
24975.0 25200.0 75 60
30375.0 30600.0 75 60
30656.25 30712.5 75 56
45450.0 45675.0 75 75
48543.75 48600.0 75 50
51975.0 52200.0 75 60
57375.0 57600.0 75 60
57656.25 57712.5 75 56
72450.0 72675.0 75 75
75543.75 75600.0 75 50
78975.0 79200.0 75 60
84375.0 84600.0 75 60
84656.25 84712.5 75 56
99450.0 99675.0 75 75
102543.75 102600.0 75 50
105975.0 106200.0 75 60
111375.0 111600.0 75 60
111656.25 111712.5 75 56
126450.0 126675.0 75 75
129543.75 129600.0 75 50
132975.0 133200.0 75 60
138375.0 138600.0 75 66
138656.25 138712.5 75 63
33300.0 33525.0 76 49
36000.0 36225.0 76 50
38700.0 38925.0 76 49
41400.0 41625.0 76 55
60300.0 60525.0 76 49
63000.0 63225.0 76 50
65700.0 65925.0 76 49
68400.0 68625.0 76 55
86850.0 87300.0 76 41
89550.0 90000.0 76 41
92250.0 92700.0 76 41
94950.0 95400.0 76 41
113850.0 114300.0 76 41
116550.0 117000.0 76 41
119250.0 119700.0 76 41
121950.0 122400.0 76 41
2475.0000000000005 2700.0000000000005 77 79
3993.7500000000005 4050.0000000000005 77 46
9337.5 9391.875 77 63
9393.75 9450.0 77 55
10350.0 10800.0 77 55
12150.0 12262.5 77 49
12487.5 12600.0 77 47
18675.0 18900.0 77 79
20193.75 20250.0 77 46
25537.5 25590.9375 77 63
25593.75 25650.0 77 49
26550.0 27000.0 77 49
28350.0 28462.5 77 49
28687.5 28800.0 77 47
33525.0 33750.0 77 51
34650.0 34875.0 77 52
36337.5 36450.0 77 55
36900.0 37575.0 77 53
38925.0 39150.0 77 51
40050.0 40275.0 77 52
41625.0 41850.0 77 59
42300.0 42637.5 77 66
42750.0 42900.0 77 68
43050.0 43140.9375 77 69
43143.75 43200.0 77 66
45675.0 45900.0 77 79
47193.75 47250.0 77 51
52537.5 52590.9375 77 63
52593.75 52650.0 77 55
53550.0 54000.0 77 55
55350.0 55462.5 77 49
55687.5 55800.0 77 47
60525.0 60750.0 77 51
61650.0 61875.0 77 52
63337.5 63450.0 77 55
63900.0 64575.0 77 53
65925.0 66150.0 77 51
67050.0 67275.0 77 52
68625.0 68850.0 77 59
69300.0 69637.5 77 66
69750.0 69900.0 77 68
70050.0 70140.0 77 69
70143.75 70200.0 77 66
72675.0 72900.0 77 79
74193.75 74250.0 77 51
79537.5 79590.9375 77 63
79593.75 79650.0 77 49
80550.0 81000.0 77 49
82350.0 82462.5 77 49
82687.5 82800.0 77 47
86400.0 86512.5 77 46
86737.5 86850.0 77 37
89100.0 89212.5 77 46
89437.5 89550.0 77 37
91800.0 91912.5 77 46
92137.5 92250.0 77 37
94500.0 94612.5 77 46
94837.5 94950.0 77 37
99675.0 99900.0 77 79
101193.75 101250.0 77 51
106537.5 106591.875 77 63
106593.75 106650.0 77 55
107550.0 108000.0 77 55
109350.0 109462.5 77 49
109687.5 109800.0 77 47
113400.0 113512.5 77 46
113737.5 113850.0 77 37
116100.0 116212.5 77 46
116437.5 116550.0 77 37
118800.0 118912.5 77 46
119137.5 119250.0 77 37
121500.0 121612.5 77 46
121837.5 121950.0 77 37
126675.0 126900.0 77 79
128193.75 128250.0 77 51
133537.5 133593.75 77 63
133593.75 133650.0 77 49
134550.0 135000.0 77 49
136350.0 136462.5 77 49
136687.5 136800.0 77 47
2700.0 2812.5 79 83
3825.0 3993.75 79 56
5400.0 5512.5 79 51
5737.5 5850.0 79 46
9000.0 9337.5 79 67
10125.0 10350.0 79 58
10743.75 10800.0 79 45
18900.0 19012.5 79 83
20025.0 20193.75 79 56
21600.0 21712.5 79 51
21937.5 22050.0 79 46
25200.0 25537.5 79 67
26325.0 26550.0 79 52
26943.75 27000.0 79 45
33750.0 34087.5 79 55
34200.0 34650.0 79 56
36450.0 36600.0 79 59
36750.0 36900.0 79 56
39150.0 39375.0 79 55
39600.0 39656.25 79 50
39712.5 39768.75 79 52
39825.0 39881.25 79 56
39937.5 39993.75 79 51
41850.0 42000.0 79 64
42150.0 42300.0 79 61
45900.0 46012.5 79 83
47025.0 47193.75 79 56
48600.0 48712.5 79 58
48937.5 49050.0 79 51
52200.0 52537.5 79 67
53325.0 53550.0 79 58
53943.75 54000.0 79 45
60750.0 61087.5 79 55
61200.0 61650.0 79 56
63450.0 63600.0 79 59
63750.0 63900.0 79 56
66150.0 66375.0 79 55
66600.0 66656.25 79 50
66712.5 66768.75 79 52
66825.0 66881.25 79 56
66937.5 66993.75 79 51
68850.0 69000.0 79 64
69150.0 69300.0 79 61
72900.0 73012.5 79 83
74025.0 74193.75 79 56
75600.0 75712.5 79 58
75937.5 76050.0 79 51
79200.0 79537.5 79 67
80325.0 80550.0 79 52
80943.75 81000.0 79 45
99900.0 100012.5 79 83
101025.0 101193.75 79 56
102600.0 102712.5 79 58
102937.5 103050.0 79 51
106200.0 106537.5 79 67
107325.0 107550.0 79 58
107943.75 108000.0 79 45
126900.0 127012.5 79 83
128025.0 128193.75 79 56
129600.0 129712.5 79 58
129937.5 130050.0 79 51
133200.0 133537.5 79 67
134325.0 134550.0 79 52
134943.75 135000.0 79 45
3037.5 3150.0 81 75
3600.0 3825.0 81 70
19237.5 19350.0 81 75
19800.0 20025.0 81 70
34087.5 34200.0 81 52
36600.0 36750.0 81 56
39375.0 39600.0 81 52
39656.25 39712.5 81 47
39768.75 39825.0 81 49
39881.25 39937.5 81 49
39993.75 40050.0 81 49
42000.0 42150.0 81 61
46237.5 46350.0 81 75
46800.0 47025.0 81 70
61087.5 61200.0 81 52
63600.0 63750.0 81 56
66375.0 66600.0 81 52
66656.25 66712.5 81 47
66768.75 66825.0 81 49
66881.25 66937.5 81 49
66993.75 67050.0 81 49
69000.0 69150.0 81 61
73237.5 73350.0 81 75
73800.0 74025.0 81 70
100237.5 100350.0 81 75
100800.0 101025.0 81 70
127237.5 127350.0 81 75
127800.0 128025.0 81 70
3150.0 3206.25 82 76
3262.5 3318.75 82 73
3375.0 3431.25 82 70
3487.5 3543.75 82 70
4050.0 4162.5 82 53
4387.5 4500.0 82 49
9900.0 9956.25 82 55
10012.5 10125.0 82 60
10800.0 10912.5 82 51
11137.5 11250.0 82 46
19350.0 19406.25 82 76
19462.5 19518.75 82 73
19575.0 19631.25 82 70
19687.5 19743.75 82 70
20250.0 20362.5 82 53
20587.5 20700.0 82 49
26100.0 26156.25 82 50
26212.5 26325.0 82 57
27000.0 27112.5 82 51
27337.5 27450.0 82 46
46350.0 46406.25 82 76
46462.5 46518.75 82 73
46575.0 46631.25 82 70
46687.5 46743.75 82 70
47250.0 47362.5 82 60
47587.5 47700.0 82 55
53100.0 53156.25 82 56
53212.5 53325.0 82 64
54000.0 54112.5 82 51
54337.5 54450.0 82 46
73350.0 73406.25 82 76
73462.5 73518.75 82 73
73575.0 73631.25 82 70
73687.5 73743.75 82 70
74250.0 74362.5 82 60
74587.5 74700.0 82 55
80100.0 80156.25 82 50
80212.5 80325.0 82 57
81000.0 81112.5 82 51
81337.5 81450.0 82 46
100350.0 100406.25 82 76
100462.5 100518.75 82 73
100575.0 100631.25 82 70
100687.5 100743.75 82 70
101250.0 101362.5 82 60
101587.5 101700.0 82 55
107100.0 107156.25 82 56
107212.5 107325.0 82 64
108000.0 108112.5 82 51
108337.5 108450.0 82 46
127350.0 127406.25 82 76
127462.5 127518.75 82 73
127575.0 127631.25 82 70
127687.5 127743.75 82 70
128250.0 128362.5 82 60
128587.5 128700.0 82 55
134100.0 134156.25 82 50
134212.5 134325.0 82 57
135000.0 135112.5 82 51
135337.5 135450.0 82 46
139500.0 140400.0 82 70
3206.25 3262.5 84 67
3318.75 3375.0 84 66
3431.25 3487.5 84 64
3543.75 3600.0 84 64
9787.5 9900.0 84 64
9956.25 10012.5 84 54
19406.25 19462.5 84 67
19518.75 19575.0 84 66
19631.25 19687.5 84 64
19743.75 19800.0 84 64
25987.5 26100.0 84 61
26156.25 26212.5 84 49
46406.25 46462.5 84 67
46518.75 46575.0 84 66
46631.25 46687.5 84 64
46743.75 46800.0 84 64
52987.5 53100.0 84 68
53156.25 53212.5 84 55
73406.25 73462.5 84 67
73518.75 73575.0 84 66
73631.25 73687.5 84 64
73743.75 73800.0 84 64
79987.5 80100.0 84 61
80156.25 80212.5 84 49
100406.25 100462.5 84 67
100518.75 100575.0 84 66
100631.25 100687.5 84 64
100743.75 100800.0 84 64
106987.5 107100.0 84 68
107156.25 107212.5 84 55
127406.25 127462.5 84 67
127518.75 127575.0 84 66
127631.25 127687.5 84 64
127743.75 127800.0 84 64
133987.5 134100.0 84 61
134156.25 134212.5 84 49
9450.0 9562.5 86 75
25650.0 25762.5 86 67
52650.0 52762.5 86 75
79650.0 79762.5 86 67
106650.0 106762.5 86 75
133650.0 133762.5 86 67
2700.0 3065.625 39 68
18900.0 19265.625 39 68
45900.0 46265.625 39 68
72900.0 73265.625 39 68
99900.0 100265.625 39 68
126900.0 127265.625 39 68
0.0 225.0 41 70
5400.0 5625.0 41 40
8100.0 8325.0 41 57
13500.0 13725.0 41 57
16200.0 16425.0 41 70
21600.0 21825.0 41 40
24300.0 24525.0 41 57
29700.0 29925.0 41 57
32400.0 32850.0 41 37
33750.0 34200.0 41 42
35100.0 35550.0 41 42
36450.0 36675.0 41 39
37350.0 37575.0 41 34
38250.0 38475.0 41 34
39150.0 39375.0 41 42
40050.0 40275.0 41 34
40950.0 41175.0 41 34
43200.0 43425.0 41 70
48600.0 48825.0 41 45
51300.0 51525.0 41 57
56700.0 56925.0 41 57
59400.0 59850.0 41 37
60750.0 61200.0 41 42
62100.0 62550.0 41 42
63450.0 63675.0 41 39
64350.0 64575.0 41 34
65250.0 65475.0 41 34
66150.0 66375.0 41 42
67050.0 67275.0 41 34
67950.0 68175.0 41 34
70200.0 70425.0 41 70
75600.0 75825.0 41 45
78300.0 78525.0 41 57
83700.0 83925.0 41 57
95850.0 97200.0 41 22
97200.0 97425.0 41 70
102600.0 102825.0 41 45
105300.0 105525.0 41 57
110700.0 110925.0 41 57
122850.0 124200.0 41 22
124200.0 124425.0 41 70
129600.0 129825.0 41 45
132300.0 132525.0 41 57
137700.0 137925.0 41 57
86400.0 86850.0 42 22
86850.0 87750.0 42 20
87750.0 88200.0 42 22
88200.0 89100.0 42 20
89100.0 89550.0 42 22
89550.0 90450.0 42 20
90450.0 90900.0 42 22
90900.0 91800.0 42 20
91800.0 92250.0 42 22
92250.0 93150.0 42 20
93150.0 93600.0 42 22
93600.0 94500.0 42 20
94500.0 94950.0 42 22
94950.0 95850.0 42 20
113400.0 113850.0 42 22
113850.0 114750.0 42 20
114750.0 115200.0 42 22
115200.0 116100.0 42 20
116100.0 116550.0 42 22
116550.0 117450.0 42 20
117450.0 117900.0 42 22
117900.0 118800.0 42 20
118800.0 119250.0 42 22
119250.0 120150.0 42 20
120150.0 120600.0 42 22
120600.0 121500.0 42 20
121500.0 121950.0 42 22
121950.0 122850.0 42 20
1350.0 1575.0 46 70
2250.0 2475.0 46 62
4050.0 4275.0 46 43
6750.0 6975.0 46 43
9450.0 9675.0 46 57
10800.0 11025.0 46 36
12150.0 12375.0 46 38
14850.0 15075.0 46 57
17550.0 17775.0 46 70
18450.0 18675.0 46 62
20250.0 20475.0 46 43
22950.0 23175.0 46 43
25650.0 25875.0 46 51
27000.0 27225.0 46 40
28350.0 28575.0 46 43
31050.0 31275.0 46 57
44550.0 44775.0 46 70
45450.0 45675.0 46 62
47250.0 47475.0 46 48
49950.0 50175.0 46 48
52650.0 52875.0 46 57
54000.0 54225.0 46 40
55350.0 55575.0 46 43
58050.0 58275.0 46 57
71550.0 71775.0 46 70
72450.0 72675.0 46 62
74250.0 74475.0 46 48
76950.0 77175.0 46 48
79650.0 79875.0 46 51
81000.0 81225.0 46 40
82350.0 82575.0 46 43
85050.0 85275.0 46 57
85950.0 86400.0 46 49
98550.0 98775.0 46 70
99450.0 99675.0 46 62
101250.0 101475.0 46 48
103950.0 104175.0 46 48
106650.0 106875.0 46 57
108000.0 108225.0 46 40
109350.0 109575.0 46 43
112050.0 112275.0 46 57
112950.0 113400.0 46 48
125550.0 125775.0 46 70
126450.0 126675.0 46 62
128250.0 128475.0 46 48
130950.0 131175.0 46 48
133650.0 133875.0 46 51
135000.0 135225.0 46 40
136350.0 136575.0 46 43
139050.0 139500.0 46 68
139500.0 140400.0 46 46
32850.00000000001 33300.00000000001 48 25
33300.00000000001 33750.00000000001 48 28
35550.00000000001 36450.00000000001 48 32
37800.00000000001 38025.00000000001 48 31
38700.00000000001 38925.00000000001 48 28
40500.00000000001 40725.00000000001 48 32
41400.00000000001 42300.00000000001 48 38
59850.000000000015 60300.000000000015 48 25
60300.000000000015 60750.000000000015 48 28
62550.000000000015 63450.000000000015 48 32
64800.000000000015 65025.000000000015 48 31
65700.00000000001 65925.00000000001 48 28
67500.00000000001 67725.00000000001 48 32
68400.00000000001 69300.00000000001 48 38
96300.00000000001 97200.00000000001 48 23
123300.00000000003 124200.00000000003 48 23
86400.0 86850.0 49 26
86850.0 87750.0 49 23
87750.0 88200.0 49 26
88200.0 89100.0 49 23
89100.0 89550.0 49 26
89550.0 90450.0 49 23
90450.0 90900.0 49 26
90900.0 91800.0 49 23
91800.0 92250.0 49 26
92250.0 93150.0 49 23
93150.0 93600.0 49 26
93600.0 94500.0 49 23
94500.0 94950.0 49 26
94950.0 95850.0 49 23
95850.0 96300.0 49 26
113400.0 113850.0 49 26
113850.0 114750.0 49 23
114750.0 115200.0 49 26
115200.0 116100.0 49 23
116100.0 116550.0 49 26
116550.0 117450.0 49 23
117450.0 117900.0 49 26
117900.0 118800.0 49 23
118800.0 119250.0 49 26
119250.0 120150.0 49 23
120150.0 120600.0 49 26
120600.0 121500.0 49 23
121500.0 121950.0 49 26
121950.0 122850.0 49 23
122850.0 123300.0 49 26
34200.0 34650.0 50 32
34650.0 35100.0 50 33
36900.0 37125.0 50 28
39600.0 39825.0 50 32
61200.0 61650.0 50 32
61650.0 62100.0 50 33
63900.0 64125.0 50 28
66600.0 66825.0 50 32
2700.0 3065.625 51 80
18900.0 19265.625 51 80
45900.0 46265.625 51 80
72900.0 73265.625 51 80
99900.0 100265.625 51 80
126900.0 127265.625 51 80
41850.00000000001 42300.00000000001 52 38
68850.0 69300.0 52 38
450.0 900.0 53 50
900.0 1350.0 53 51
1800.0 2250.0 53 52
4500.0 4950.0 53 23
4950.0 5400.0 53 22
5850.0 6300.0 53 22
6300.0 6750.0 53 21
7200.0 7650.0 53 23
7650.0 8100.0 53 22
8550.0 9450.0 53 39
9900.0 10800.0 53 39
11250.0 11700.0 53 22
11700.0 12150.0 53 21
12600.0 13050.0 53 23
13050.0 13500.0 53 22
13950.0 14850.0 53 39
15300.0 15750.0 53 39
16650.0 17100.0 53 50
17100.0 17550.0 53 51
18000.0 18450.0 53 52
20700.0 21150.0 53 23
21150.0 21600.0 53 22
22050.0 22500.0 53 22
22500.0 22950.0 53 21
23400.0 23850.0 53 23
23850.0 24300.0 53 22
24750.0 25650.0 53 39
26100.0 27000.0 53 31
27450.0 27900.0 53 22
27900.0 28350.0 53 21
28800.0 29250.0 53 23
29250.0 29700.0 53 22
30150.0 31050.0 53 39
31500.0 31950.0 53 39
42300.0 42750.0 53 38
43650.0 44100.0 53 50
44100.0 44550.0 53 51
45000.0 45450.0 53 52
47700.0 48150.0 53 27
48150.0 48600.0 53 24
49050.0 49500.0 53 26
49500.0 49950.0 53 23
50400.0 50850.0 53 27
50850.0 51300.0 53 24
51750.0 52650.0 53 39
53100.0 54000.0 53 39
54450.0 54900.0 53 22
54900.0 55350.0 53 21
55800.0 56250.0 53 23
56250.0 56700.0 53 22
57150.0 58050.0 53 39
58500.0 58950.0 53 39
69300.0 69750.0 53 38
70650.0 71100.0 53 50
71100.0 71550.0 53 51
72000.0 72450.0 53 52
74700.0 75150.0 53 27
75150.0 75600.0 53 24
76050.0 76500.0 53 26
76500.0 76950.0 53 23
77400.0 77850.0 53 27
77850.0 78300.0 53 24
78750.0 79650.0 53 39
80100.0 81000.0 53 31
81450.0 81900.0 53 22
81900.0 82350.0 53 21
82800.0 83250.0 53 23
83250.0 83700.0 53 22
84150.0 85050.0 53 39
85500.0 85950.0 53 39
97650.0 98100.0 53 50
98100.0 98550.0 53 51
99000.0 99450.0 53 52
101700.0 102150.0 53 27
102150.0 102600.0 53 24
103050.0 103500.0 53 26
103500.0 103950.0 53 23
104400.0 104850.0 53 27
104850.0 105300.0 53 24
105750.0 106650.0 53 39
107100.0 108000.0 53 39
108450.0 108900.0 53 22
108900.0 109350.0 53 21
109800.0 110250.0 53 23
110250.0 110700.0 53 22
111150.0 112050.0 53 39
112500.0 112950.0 53 39
124650.0 125100.0 53 50
125100.0 125550.0 53 51
126000.0 126450.0 53 52
128700.0 129150.0 53 27
129150.0 129600.0 53 24
130050.0 130500.0 53 26
130500.0 130950.0 53 23
131400.0 131850.0 53 27
131850.0 132300.0 53 24
132750.0 133650.0 53 39
134100.0 135000.0 53 31
135450.0 135900.0 53 22
135900.0 136350.0 53 21
136800.0 137250.0 53 23
137250.0 137700.0 53 22
138150.0 138600.0 53 41
138600.0 139050.0 53 44
139500.0 140400.0 53 46
3065.6250000000005 3600.0000000000005 55 59
19265.625 19800.0 55 59
46265.625 46800.0 55 59
73265.625 73800.0 55 59
100265.625 100800.0 55 59
127265.625 127800.0 55 59
9000.0 9450.0 57 39
14400.0 14850.0 57 39
25200.0 25650.0 57 39
30600.0 31050.0 57 39
32850.0 33300.0 57 30
33300.0 33750.0 57 34
35550.0 36450.0 57 38
37800.0 38025.0 57 37
38700.0 38925.0 57 34
40500.0 40725.0 57 38
41400.0 41850.0 57 45
42300.0 42750.0 57 45
52200.0 52650.0 57 39
57600.0 58050.0 57 39
59850.0 60300.0 57 30
60300.0 60750.0 57 34
62550.0 63450.0 57 38
64800.0 65025.0 57 37
65700.0 65925.0 57 34
67500.0 67725.0 57 38
68400.0 68850.0 57 45
69300.0 69750.0 57 45
79200.0 79650.0 57 39
84600.0 85050.0 57 39
106200.0 106650.0 57 39
111600.0 112050.0 57 39
133200.0 133650.0 57 39
138600.0 139050.0 57 44
1800.0 2250.0 58 52
3093.75 3600.0 58 59
4500.0 4950.0 58 23
4950.0 5400.0 58 22
7200.0 7650.0 58 23
7650.0 8100.0 58 22
9900.0 10800.0 58 39
12600.0 13050.0 58 23
13050.0 13500.0 58 22
15300.0 15750.0 58 39
18000.0 18450.0 58 52
19293.75 19800.0 58 59
20700.0 21150.0 58 23
21150.0 21600.0 58 22
23400.0 23850.0 58 23
23850.0 24300.0 58 22
26100.0 27000.0 58 31
28800.0 29250.0 58 23
29250.0 29700.0 58 22
31500.0 31950.0 58 39
34200.0 34650.0 58 38
34650.0 35100.0 58 39
36900.0 37125.0 58 34
39600.0 39825.0 58 38
41850.0 42300.0 58 45
45000.0 45450.0 58 52
46293.75 46800.0 58 59
47700.0 48150.0 58 27
48150.0 48600.0 58 24
50400.0 50850.0 58 27
50850.0 51300.0 58 24
53100.0 54000.0 58 39
55800.0 56250.0 58 23
56250.0 56700.0 58 22
58500.0 58950.0 58 39
61200.0 61650.0 58 38
61650.0 62100.0 58 39
63900.0 64125.0 58 34
66600.0 66825.0 58 38
68850.0 69300.0 58 45
72000.0 72450.0 58 52
73293.75 73800.0 58 59
74700.0 75150.0 58 27
75150.0 75600.0 58 24
77400.0 77850.0 58 27
77850.0 78300.0 58 24
80100.0 81000.0 58 31
82800.0 83250.0 58 23
83250.0 83700.0 58 22
85500.0 85950.0 58 39
99000.0 99450.0 58 52
100293.75 100800.0 58 59
101700.0 102150.0 58 27
102150.0 102600.0 58 24
104400.0 104850.0 58 27
104850.0 105300.0 58 24
107100.0 108000.0 58 39
109800.0 110250.0 58 23
110250.0 110700.0 58 22
112500.0 112950.0 58 39
126000.0 126450.0 58 52
127293.75 127800.0 58 59
128700.0 129150.0 58 27
129150.0 129600.0 58 24
131400.0 131850.0 58 27
131850.0 132300.0 58 24
134100.0 135000.0 58 31
136800.0 137250.0 58 23
137250.0 137700.0 58 22
450.0 900.0 60 50
900.0 1350.0 60 51
5850.0 6300.0 60 22
6300.0 6750.0 60 21
11250.0 11700.0 60 22
11700.0 12150.0 60 21
16650.0 17100.0 60 50
17100.0 17550.0 60 51
22050.0 22500.0 60 22
22500.0 22950.0 60 21
27450.0 27900.0 60 22
27900.0 28350.0 60 21
43650.0 44100.0 60 50
44100.0 44550.0 60 51
49050.0 49500.0 60 26
49500.0 49950.0 60 23
54450.0 54900.0 60 22
54900.0 55350.0 60 21
70650.0 71100.0 60 50
71100.0 71550.0 60 51
76050.0 76500.0 60 26
76500.0 76950.0 60 23
81450.0 81900.0 60 22
81900.0 82350.0 60 21
97650.0 98100.0 60 50
98100.0 98550.0 60 51
103050.0 103500.0 60 26
103500.0 103950.0 60 23
108450.0 108900.0 60 22
108900.0 109350.0 60 21
124650.0 125100.0 60 50
125100.0 125550.0 60 51
130050.0 130500.0 60 26
130500.0 130950.0 60 23
135450.0 135900.0 60 22
135900.0 136350.0 60 21
1800.0 2250.0 62 52
4500.0 4950.0 62 28
4950.0 5400.0 62 26
7200.0 7650.0 62 28
7650.0 8100.0 62 26
9900.0 10350.0 62 47
10350.0 10800.0 62 46
12600.0 13050.0 62 28
13050.0 13500.0 62 26
15300.0 15750.0 62 47
18000.0 18450.0 62 52
20700.0 21150.0 62 28
21150.0 21600.0 62 26
23400.0 23850.0 62 28
23850.0 24300.0 62 26
26100.0 26550.0 62 37
26550.0 27000.0 62 36
28800.0 29250.0 62 28
29250.0 29700.0 62 26
31500.0 31950.0 62 47
45000.0 45450.0 62 52
47700.0 48150.0 62 31
48150.0 48600.0 62 29
50400.0 50850.0 62 31
50850.0 51300.0 62 29
53100.0 53550.0 62 47
53550.0 54000.0 62 46
55800.0 56250.0 62 28
56250.0 56700.0 62 26
58500.0 58950.0 62 47
72000.0 72450.0 62 52
74700.0 75150.0 62 31
75150.0 75600.0 62 29
77400.0 77850.0 62 31
77850.0 78300.0 62 29
80100.0 80550.0 62 37
80550.0 81000.0 62 36
82800.0 83250.0 62 28
83250.0 83700.0 62 26
85500.0 85950.0 62 47
99000.0 99450.0 62 52
101700.0 102150.0 62 31
102150.0 102600.0 62 29
104400.0 104850.0 62 31
104850.0 105300.0 62 29
107100.0 107550.0 62 47
107550.0 108000.0 62 46
109800.0 110250.0 62 28
110250.0 110700.0 62 26
112500.0 112950.0 62 47
126000.0 126450.0 62 52
128700.0 129150.0 62 31
129150.0 129600.0 62 29
131400.0 131850.0 62 31
131850.0 132300.0 62 29
134100.0 134550.0 62 37
134550.0 135000.0 62 36
136800.0 137250.0 62 28
137250.0 137700.0 62 26
139500.0 140400.0 62 56
450.0 900.0 63 59
900.0 1350.0 63 60
3121.8750000000005 3600.0000000000005 63 59
5850.0 6300.0 63 27
6300.0 6750.0 63 25
8550.0 9000.0 63 47
9000.0 9450.0 63 46
11250.0 11700.0 63 27
11700.0 12150.0 63 25
13950.0 14400.0 63 47
14400.0 14850.0 63 46
16650.0 17100.0 63 59
17100.0 17550.0 63 60
19321.875 19800.0 63 59
22050.0 22500.0 63 27
22500.0 22950.0 63 25
24750.0 25200.0 63 47
25200.0 25650.0 63 46
27450.0 27900.0 63 27
27900.0 28350.0 63 25
30150.0 30600.0 63 47
30600.0 31050.0 63 46
43650.0 44100.0 63 59
44100.0 44550.0 63 60
46321.875 46800.0 63 59
49050.0 49500.0 63 30
49500.0 49950.0 63 28
51750.0 52200.0 63 47
52200.0 52650.0 63 46
54450.0 54900.0 63 27
54900.0 55350.0 63 25
57150.0 57600.0 63 47
57600.0 58050.0 63 46
70650.0 71100.0 63 59
71100.0 71550.0 63 60
73321.875 73800.0 63 59
76050.0 76500.0 63 30
76500.0 76950.0 63 28
78750.0 79200.0 63 47
79200.0 79650.0 63 46
81450.0 81900.0 63 27
81900.0 82350.0 63 25
84150.0 84600.0 63 47
84600.0 85050.0 63 46
97650.0 98100.0 63 59
98100.0 98550.0 63 60
100321.875 100800.0 63 59
103050.0 103500.0 63 30
103500.0 103950.0 63 28
105750.0 106200.0 63 47
106200.0 106650.0 63 46
108450.0 108900.0 63 27
108900.0 109350.0 63 25
111150.0 111600.0 63 47
111600.0 112050.0 63 46
124650.0 125100.0 63 59
125100.0 125550.0 63 60
127321.875 127800.0 63 59
130050.0 130500.0 63 30
130500.0 130950.0 63 28
132750.0 133200.0 63 47
133200.0 133650.0 63 46
135450.0 135900.0 63 27
135900.0 136350.0 63 25
138150.0 138600.0 63 49
138600.0 139050.0 63 51
3150.0 3600.0 67 70
19350.0 19800.0 67 70
46350.0 46800.0 67 70
73350.0 73800.0 67 70
100350.0 100800.0 67 70
127350.0 127800.0 67 70
